J = 2.09E-5;
B = 0.0002;
K_t = 0.042;
K_b = 0.042;
R = 8.4;
L = 1.16;
tau_L = 0.0001;

PI = 3.141592;

circumference_tyre = 2.047;

ratio_reduction = 1/8;